FISH-QUANT	v2d
File-version	3D_v1
RESULTS OF SPOT DETECTION PERFORMED ON 21-Oct-2016 
COMMENT	
IMG_Raw	H1 10mRNA vigorous DI wash old G25-G4 Gfilter 2s stacked.tif
IMG_Filtered	
IMG_DAPI	
IMG_TS_label	
FILE_settings	
PARAMETERS
Pix-XY	Pix-Z	RI	Ex	Em	NA	Type
160	300	1.518	583	547	1.4	widefield
CELL_START	Cell_1
X_POS	1364	1320	1318	1310	1361	1368	
Y_POS	870	863	902	970	985	985	
Z_POS	
CELL_END
CELL_START	Cell_2
X_POS	6	108	149	152	172	202	247	223	126	126	112	57	6	
Y_POS	130	181	246	346	429	515	642	675	620	554	489	489	431	
Z_POS	
CELL_END
CELL_START	Cell_3
X_POS	35	82	122	56	6	5	
Y_POS	7	79	165	149	119	3	
Z_POS	
CELL_END
CELL_START	Cell_4
X_POS	312	349	418	479	506	488	434	381	379	353	
Y_POS	5	153	241	307	239	160	81	14	3	3	
Z_POS	
CELL_END
CELL_START	Cell_5
X_POS	279	348	372	372	397	330	298	344	312	261	228	
Y_POS	283	399	478	576	717	810	786	703	606	527	450	
Z_POS	
CELL_END
CELL_START	Cell_6
X_POS	460	494	467	397	295	230	230	288	325	385	414	
Y_POS	661	765	877	911	948	972	904	867	842	768	714	
Z_POS	
CELL_END
CELL_START	Cell_7
X_POS	562	640	652	698	738	794	880	905	858	840	796	800	752	654	617	
Y_POS	376	453	513	568	606	645	680	659	582	547	462	395	355	306	307	
Z_POS	
CELL_END
CELL_START	Cell_8
X_POS	545	624	645	650	698	712	719	648	608	567	536	
Y_POS	411	441	489	525	576	619	721	680	596	559	485	
Z_POS	
CELL_END
CELL_START	Cell_9
X_POS	961	1026	1033	1005	960	900	903	937	965	
Y_POS	469	503	564	619	601	596	566	501	464	
Z_POS	
CELL_END
CELL_START	Cell_10
X_POS	694	791	842	743	687	655	655	648	687	694	699	
Y_POS	821	847	867	902	946	946	905	860	828	826	823	
Z_POS	
CELL_END
CELL_START	Cell_11
X_POS	849	891	919	902	909	845	794	731	706	706	742	780	
Y_POS	8	68	139	181	223	290	244	183	124	124	54	10	
Z_POS	
CELL_END
CELL_START	Cell_12
X_POS	880	902	942	988	1120	1132	1123	1092	1053	977	924	898	888	886	884	
Y_POS	267	327	371	395	388	311	297	307	307	276	242	244	263	265	270	
Z_POS	
CELL_END
CELL_START	Cell_13
X_POS	1065	1069	1077	1121	1139	1155	1164	1197	1257	1292	1296	1313	1331	1269	1201	1187	1176	1155	1153	1132	1118	1107	1076	
Y_POS	5	89	167	232	286	348	453	508	525	413	336	309	292	154	49	12	5	8	75	132	91	42	3	
Z_POS	
CELL_END
CELL_START	Cell_14
X_POS	953	970	903	888	770	786	835	877	
Y_POS	849	905	953	1006	1002	953	918	868	
Z_POS	
CELL_END
CELL_START	Cell_15
X_POS	1362	1304	1292	1294	1332	1364	
Y_POS	467	441	418	344	300	299	
Z_POS	
CELL_END
CELL_START	Cell_16
X_POS	1041	1084	1114	1076	958	977	1005	
Y_POS	863	919	958	1006	1002	946	874	
Z_POS	
CELL_END
CELL_START	Cell_17
X_POS	1195	1238	1292	1315	1313	1301	1289	1285	1128	1134	1093	1084	1088	1125	1141	1139	1176	
Y_POS	636	700	759	812	888	955	999	1002	1004	932	911	865	796	745	650	562	559	
Z_POS	
CELL_END
